100
3 1 10 1 6 1 9 1 5 1 
2 2 7 2 8 2 4 2 1 2 
100
2 1 7 1 8 1 4 1 1 1 
3 2 10 2 6 2 9 2 5 2 
100
5 1 9 1 6 1 10 1 3 1 
1 2 4 2 8 2 7 2 2 2 
100
5 1 9 1 6 1 10 1 3 1 
1 2 4 2 8 2 7 2 2 2 
301
15 1 21 1 16 1 25 1 4 1 6 1 8 1 3 1 23 1 28 1 13 1 29 1 2 1 1 1 22 1 
24 2 10 2 14 2 26 2 7 2 17 2 27 2 5 2 18 2 30 2 20 2 12 2 19 2 11 2 9 2 
394
9 1 19 1 1 1 21 1 22 1 7 1 24 1 13 1 12 1 23 1 2 1 26 1 18 1 15 1 25 1 
29 2 6 2 4 2 11 2 3 2 17 2 10 2 30 2 20 2 28 2 16 2 27 2 5 2 8 2 14 2 
370
6 1 7 1 16 1 25 1 15 1 24 1 14 1 18 1 23 1 21 1 11 1 1 1 26 1 10 1 17 1 
19 2 9 2 22 2 4 2 13 2 5 2 2 2 30 2 20 2 29 2 12 2 8 2 3 2 28 2 27 2 
314
22 1 24 1 13 1 4 1 6 1 8 1 3 1 19 1 25 1 12 1 23 1 30 1 21 1 20 1 26 1 
16 2 7 2 9 2 28 2 5 2 27 2 14 2 11 2 1 2 29 2 17 2 2 2 18 2 15 2 10 2 
34
7 1 20 1 2 1 3 1 13 1 26 1 9 1 29 1 23 1 25 1 30 1 22 1 10 1 4 1 28 1 
6 2 15 2 27 2 19 2 16 2 8 2 17 2 14 2 24 2 5 2 12 2 18 2 21 2 1 2 11 2 
75
7 1 8 1 14 1 17 1 5 1 20 1 1 1 16 1 26 1 9 1 21 1 23 1 29 1 10 1 28 1 
6 2 15 2 27 2 22 2 24 2 11 2 19 2 3 2 30 2 25 2 2 2 4 2 12 2 13 2 18 2 
66
7 1 12 1 24 1 5 1 27 1 21 1 23 1 15 1 30 1 6 1 18 1 26 1 16 1 22 1 11 1 
8 2 17 2 20 2 29 2 19 2 1 2 4 2 28 2 10 2 14 2 13 2 9 2 25 2 3 2 2 2 
42
8 1 18 1 26 1 17 1 30 1 7 1 20 1 11 1 24 1 23 1 15 1 2 1 25 1 6 1 14 1 
22 2 21 2 16 2 12 2 5 2 10 2 1 2 19 2 3 2 29 2 28 2 4 2 9 2 13 2 27 2 
